arbol 2^10 puntos
8
9
4
5
8
6
6
5
8
7
6
6
6
6
5
11
6
11
8
6
9
11
8
7
7
7
6
8
9
12
7
10
10
7
4
7
10
5
4
9
5
10
5
6
9
4
10
11
10
10
5
12
3
6
5
7
10
9
8
8
4
8
8
5
10
9
5
6
6
7
9
10
5
6
10
6
10
10
10
5
11
9
8
6
5
10
10
6
10
6
3
6
7
7
5
7
10
4
9
7
arbol 2^11 puntos
8
12
7
11
11
13
12
14
11
10
14
11
9
14
10
11
12
9
8
12
10
10
10
13
13
11
14
9
11
8
13
14
9
10
8
10
5
9
10
10
11
14
12
9
9
7
14
8
15
12
10
12
12
11
12
14
9
14
7
7
13
13
9
10
14
12
9
8
9
13
10
4
12
11
4
16
10
14
11
12
10
12
15
15
13
8
15
11
10
14
14
9
14
9
11
7
13
12
10
14
arbol 2^12 puntos
18
10
16
12
15
11
23
23
13
24
11
13
18
13
24
17
16
19
8
23
15
11
19
12
12
16
7
15
15
7
21
17
9
19
13
17
12
24
19
10
18
17
21
23
18
12
19
18
15
9
11
17
23
15
17
16
12
16
15
7
20
15
18
16
18
22
10
18
22
12
17
20
12
12
9
11
20
6
17
13
19
16
16
10
8
13
21
14
16
9
16
20
13
20
23
9
22
10
10
10
arbol 2^13 puntos
23
26
31
14
19
22
17
29
23
16
24
29
27
27
20
19
24
15
25
21
28
32
31
23
16
30
18
31
14
23
28
19
28
21
23
26
18
23
25
23
31
14
19
32
24
17
20
21
30
12
28
28
31
20
15
13
26
29
35
17
29
32
27
16
17
28
21
14
26
27
25
33
19
20
29
9
18
20
28
25
28
31
31
32
24
13
20
12
26
20
31
23
20
26
18
21
19
30
20
24
arbol 2^14 puntos
36
27
32
21
47
40
34
32
44
41
34
23
42
46
29
54
48
27
48
18
27
47
32
50
48
51
22
49
47
45
30
42
30
48
44
50
29
35
37
24
30
40
28
42
51
33
48
50
39
43
33
34
29
43
49
30
32
35
37
41
41
37
29
49
45
49
36
49
31
52
31
45
46
46
45
41
41
53
29
29
54
42
30
53
31
45
49
48
30
30
49
45
37
26
47
38
27
29
49
27
arbol 2^15 puntos
58
81
78
94
61
63
90
84
53
68
69
69
47
84
51
44
51
80
65
53
59
47
90
86
84
78
49
62
33
71
81
88
49
67
74
82
45
65
78
89
76
39
85
62
72
65
80
78
84
84
82
85
46
52
72
43
80
82
70
80
81
71
82
56
61
60
84
45
51
66
76
71
56
81
71
73
72
76
48
72
84
32
84
66
62
59
50
49
49
42
49
92
77
91
85
27
80
86
51
86
arbol 2^16 puntos
147
42
109
75
101
83
134
155
157
151
88
138
139
140
133
133
131
149
152
144
66
122
99
51
142
153
152
151
93
128
155
150
145
152
146
154
89
156
152
70
78
74
105
147
150
149
69
114
90
149
124
114
82
94
153
79
97
103
127
150
87
131
148
155
107
141
152
146
149
146
75
128
63
69
155
104
153
118
68
141
104
146
81
128
153
152
104
115
119
95
153
87
88
149
154
141
151
105
151
48
arbol 2^17 puntos
102
163
268
165
263
214
251
263
217
274
246
261
260
104
161
259
165
128
197
243
258
217
227
177
259
134
107
262
258
115
265
250
241
133
258
212
110
149
265
269
213
142
172
180
254
252
219
264
259
212
260
175
256
167
122
246
142
260
180
265
181
221
260
149
264
158
175
208
257
203
263
192
133
146
224
259
148
219
185
148
238
265
154
211
200
245
238
262
253
134
251
135
266
226
243
261
168
192
242
263
arbol 2^18 puntos
300
494
187
327
353
409
311
355
492
416
455
361
362
478
410
461
383
224
483
243
479
483
402
403
488
494
347
472
333
485
472
222
503
452
477
496
305
495
479
419
495
414
282
444
478
480
274
415
394
492
443
432
487
346
444
358
493
464
289
491
493
368
440
495
483
483
218
419
408
481
473
344
281
308
433
494
230
486
477
421
485
466
445
353
367
492
203
299
253
241
382
321
249
375
495
489
366
414
283
498
arbol 2^19 puntos
905
711
910
892
591
543
891
741
583
500
522
909
858
626
758
463
324
869
917
841
902
919
913
780
926
769
852
746
908
629
539
913
907
906
618
884
878
892
501
492
534
812
920
911
823
920
907
909
413
921
660
784
912
912
728
625
907
928
578
774
560
915
909
917
876
531
918
641
917
828
490
887
411
536
763
916
912
782
824
917
567
300
634
923
426
906
745
822
923
871
443
900
903
667
916
679
769
914
786
904
arbol 2^20 puntos
1152
1744
916
1747
1040
1718
1724
1759
1728
1740
1066
1737
1299
1540
981
1656
1452
1102
1006
1743
1768
1726
1356
773
1048
1753
943
1726
1749
1739
1739
1735
1740
1182
1548
1457
1702
923
1729
1723
923
1457
1734
1720
651
1746
1176
1277
1700
1643
1398
931
743
1754
845
1725
1631
1489
1170
1728
1637
1710
1316
1742
1254
908
1752
1133
1483
1410
1480
1728
1549
1352
1203
1253
1734
1732
1059
1759
1394
1179
1283
1166
1212
1721
1752
1635
1743
1089
1729
1761
1730
1718
1748
1553
852
885
1630
1741
arbol 2^21 puntos
3311
3382
2832
2905
2700
3016
2086
2669
3194
956
2131
1775
2695
3238
3385
3032
2524
3422
3408
3130
3031
3380
2079
3150
3191
2051
2455
2574
3392
3198
2401
1838
2064
3413
3385
2813
2324
1982
1764
3402
3044
2222
3425
1257
1779
3383
3409
2907
3383
3068
2818
2727
3407
2624
1924
3294
2537
3382
1811
1932
3409
3089
2936
3385
2300
3206
2811
3401
3391
1927
3372
3393
2129
2973
2536
3355
2620
3374
2743
3391
2872
3035
3376
3394
1579
3379
1296
3023
3151
1816
3377
3353
3372
1863
3364
2531
2754
1595
3130
1979
arbol 2^22 puntos
4805
5793
6615
4681
4086
4361
6629
6291
3493
4784
6653
4007
6667
6491
6498
5646
5424
6658
6654
6648
6268
3894
4022
5105
6630
6661
6211
6622
3701
4705
5284
4878
6185
6630
6622
6624
5871
3859
6658
2409
6612
6100
6536
6650
4087
6632
4500
3323
3959
5916
5447
6537
4766
4636
3967
4749
6660
4420
5531
4554
6644
6669
6646
3543
4929
6634
5440
6052
3946
4499
3093
5246
5922
5368
4885
5306
5862
6631
3645
6609
6649
5255
3370
6636
6491
5277
4384
6553
5377
3507
6649
5168
6632
3679
6636
6640
3550
6612
4898
6659
arbol 2^23 puntos
13039
7169
12400
9630
13101
13048
11276
11937
11035
10778
13073
13094
13094
7111
13102
11883
7193
10861
13076
13098
10175
13105
9495
13069
13059
8137
13059
12260
8638
5878
7666
8466
11084
7975
11884
13101
7975
13115
13095
6868
4538
7086
6302
13116
12643
9598
10904
12411
12914
13127
8805
10069
11774
13091
8097
9138
9377
13089
7813
11002
12375
13042
13106
9051
12288
7727
11362
13078
13108
10132
7928
13100
13110
13093
8602
13080
13054
10021
12979
9249
13088
11106
13097
10980
6957
10703
13076
13085
12213
6782
13123
10063
13060
11594
12803
11670
9431
13046
13065
13098
arbol 2^24 puntos
13525
19674
25665
25770
25801
13398
17240
22925
20819
17512
22827
25788
18934
25750
17636
25773
25263
25652
12796
13221
24773
25763
25713
25727
25750
25753
25528
22321
20636
21270
15093
8125
13097
25755
25741
25127
25727
24491
11324
25805
24724
25774
24210
25166
11771
25762
25746
13658
8920
25763
25768
25709
16392
11624
18562
25024
21354
19800
14203
18254
25534
25734
19417
25746
25748
14066
17839
25232
12159
19642
21034
25801
23612
25774
20870
22360
12373
25295
17733
25049
22600
17259
19639
20257
25421
25733
25725
19683
25876
25784
25731
25746
20393
25735
22418
18523
7872
25750
13194
24073
arbol 2^25 puntos
51150
50057
36237
45053
25644
32665
51120
27263
51085
41387
49909
51095
51193
37078
29948
51147
41291
51123
26883
48935
20900
26429
50250
32172
51047
51069
44071
50021
51186
33686
50858
51145
51059
28255
44921
51088
51134
40206
51128
26549
51048
34630
37018
50767
36642
43233
51012
51039
31001
51039
51096
27477
51054
39481
26332
42979
42997
32820
31303
49443
51160
51085
51154
25804
51045
27181
51180
51137
34656
28480
51114
34697
51038
51164
36194
42324
51157
27327
34904
50253
44353
33625
40510
51104
28186
42843
49357
51135
51131
51127
40227
51068
51084
36889
49730
37028
50248
51066
51106
44304
