arbol 2^10 puntos
9
9
4
4
5
5
5
6
8
9
4
8
6
5
4
9
5
9
8
5
9
8
5
7
6
6
7
8
10
10
6
10
10
9
5
6
9
6
3
8
7
9
5
4
9
3
8
8
9
7
5
10
4
4
5
7
9
7
7
8
4
8
6
6
10
6
5
5
5
6
7
10
3
6
10
8
9
8
9
5
9
11
8
5
6
9
9
6
9
5
4
6
6
5
3
8
9
4
8
6
arbol 2^11 puntos
9
14
8
8
9
12
13
18
9
9
15
10
9
14
10
12
12
9
7
11
9
9
10
16
10
10
15
10
12
7
11
16
13
12
7
11
4
9
9
8
10
14
16
9
8
8
15
10
13
13
8
12
11
10
18
12
7
15
7
7
11
12
9
10
14
14
7
7
8
11
9
5
16
10
4
16
11
15
11
16
8
11
14
13
18
8
13
11
10
11
16
8
13
9
10
5
13
13
8
14
arbol 2^12 puntos
21
15
17
10
20
13
21
22
14
20
13
14
20
18
19
35
20
14
10
23
18
10
21
11
10
18
7
14
14
8
20
21
9
18
14
19
13
23
14
12
20
19
19
23
17
15
19
20
14
10
9
18
22
15
13
19
10
17
16
7
17
13
26
20
20
21
9
17
21
13
16
22
13
14
9
9
22
5
23
16
17
14
21
10
8
13
19
13
17
11
19
20
12
20
25
9
25
13
10
14
arbol 2^13 puntos
25
21
29
14
16
24
15
29
23
18
21
25
25
20
22
15
17
11
19
17
25
25
26
21
13
24
15
26
14
21
22
16
27
18
20
21
18
15
21
19
21
12
15
26
20
13
15
15
24
9
23
27
24
16
11
10
23
28
31
14
24
26
18
17
16
24
18
14
29
24
23
31
17
15
24
9
16
24
23
19
25
27
27
29
22
12
14
12
24
16
26
18
20
25
14
16
17
23
16
20
arbol 2^14 puntos
13
6
7
6
15
12
11
9
12
12
9
6
14
14
7
16
15
6
13
4
8
14
8
15
13
16
5
15
13
14
8
13
9
14
11
15
7
10
9
6
9
10
7
11
14
8
13
16
12
13
10
8
9
15
15
7
10
11
9
11
13
10
7
13
15
16
10
17
8
16
7
15
14
15
14
11
11
14
8
8
15
11
9
15
9
12
12
11
8
7
12
14
11
8
13
10
7
9
15
8
arbol 2^15 puntos
22
23
19
28
16
15
22
24
14
21
20
18
12
25
15
11
14
22
16
14
18
14
25
24
25
23
13
15
9
24
22
24
12
17
19
22
11
17
19
22
20
10
26
15
18
16
22
19
24
23
20
22
12
13
17
10
22
24
18
23
20
17
22
14
16
15
20
12
15
17
21
21
16
22
19
20
17
18
12
20
24
8
25
16
16
14
15
14
12
10
12
25
19
24
25
6
21
25
14
24
arbol 2^16 puntos
61
12
29
19
28
23
35
45
40
39
26
31
38
34
31
32
32
34
38
32
16
32
24
12
35
43
38
41
23
33
37
35
37
40
38
41
20
42
42
17
22
20
25
34
35
35
16
25
23
37
30
25
21
23
39
18
23
24
30
41
21
32
40
37
24
35
37
38
39
39
18
39
14
16
42
25
35
29
16
34
24
34
21
31
39
40
26
29
27
22
41
26
19
36
41
37
43
25
37
11
arbol 2^17 puntos
64
63
94
58
97
67
76
76
55
94
75
81
78
31
49
92
47
34
50
70
79
59
68
44
76
40
23
72
75
38
81
78
66
42
83
56
30
36
75
74
63
37
48
44
71
78
55
77
75
58
83
50
77
56
35
65
39
77
45
84
52
55
76
37
79
48
49
52
75
51
81
57
42
36
55
74
38
53
59
38
61
75
46
50
52
58
60
74
74
33
76
37
79
59
62
88
51
59
59
74
arbol 2^18 puntos
211
223
87
137
133
146
138
146
209
169
152
149
142
219
157
156
152
93
212
95
203
231
167
165
201
190
121
204
127
218
216
76
211
131
201
206
109
197
218
165
196
166
111
153
201
233
123
128
116
205
178
154
176
125
174
106
209
192
114
191
205
139
158
190
199
192
94
146
151
221
203
145
114
104
154
197
90
194
184
131
207
183
167
142
144
193
90
98
77
102
122
129
83
145
202
214
150
149
83
199
arbol 2^19 puntos
669
351
466
377
254
253
392
356
248
224
227
408
380
244
325
208
152
319
420
367
427
452
450
358
401
352
350
321
423
299
241
445
448
441
297
365
362
395
201
188
254
326
430
443
375
413
444
353
174
386
315
301
442
478
351
281
422
439
280
328
221
446
448
413
433
218
449
300
428
373
213
443
183
241
329
434
461
348
357
404
258
121
280
442
170
432
335
334
466
360
185
452
452
311
369
284
309
448
315
453
arbol 2^20 puntos
885
1068
472
1038
512
1035
796
971
962
971
500
1002
626
703
469
796
700
532
492
998
992
939
645
345
509
978
463
1015
949
958
934
913
962
572
714
668
753
475
1001
947
454
723
951
936
301
959
549
612
765
750
641
451
348
1011
371
973
736
670
576
994
749
951
616
978
584
454
1020
547
670
733
692
998
706
635
582
609
962
954
515
996
681
562
601
556
539
1000
999
749
954
538
969
959
956
945
941
741
436
431
785
982
arbol 2^21 puntos
2447
2847
1457
1522
1422
1535
1165
1361
1603
563
1166
1013
1364
1656
2215
1561
1316
2238
2194
1586
1536
2219
1150
1571
1618
1132
1271
1354
2229
1662
1284
1038
1099
2231
2171
1461
1247
1121
1011
2198
1552
1226
2209
674
983
2219
2226
1512
2200
1577
1500
1396
2187
1371
1110
1670
1337
2176
1052
1039
2204
1581
1470
2211
1230
1637
1449
2212
2174
1082
2204
2253
1186
1497
1347
2229
1352
2236
1420
2217
1486
1560
2174
2191
805
2175
695
1532
1603
1033
2169
2208
2184
1079
2180
1309
1416
782
1540
1195
arbol 2^22 puntos
3010
3263
4604
2762
2478
2604
4571
3471
2251
2797
4601
2479
4586
3552
3590
3216
3094
4590
4597
4568
3472
2433
2442
2939
4601
4623
3439
4599
2372
2757
2991
2837
3391
4695
4667
4662
3306
2427
4567
1323
4553
3376
3569
4598
2538
4564
2667
2161
2430
3259
3091
3575
2817
2721
2428
2784
4577
2638
3134
2679
4596
4569
4572
2263
2817
4577
3092
3370
2406
2646
1595
2999
3310
3054
2866
2966
3256
4557
2311
4583
4825
3196
2386
4948
3844
3147
2654
4553
3129
2284
4574
3015
4675
2366
4650
4668
2277
4582
2868
4570
arbol 2^23 puntos
11105
4823
7053
5904
10941
10959
6597
6854
6461
6372
10951
10943
10922
4781
10964
6845
4827
6380
10932
11117
6219
10962
5784
10944
10910
5257
10946
6976
5425
3286
4999
5344
6450
5152
6861
10976
5167
10979
10940
4720
2715
4727
3495
10966
7153
5857
6405
7039
7319
11079
5625
6120
6785
10893
5223
5638
5756
10973
5068
6481
7035
10947
10964
5610
6978
5040
6597
10927
10962
6117
5121
11126
10949
10977
5440
11125
11024
6043
10886
5710
10976
6453
10961
6442
4705
6276
10945
11033
8100
5345
11055
6075
11012
6690
7271
6746
5838
11020
11072
11322
arbol 2^24 puntos
9650
12016
18331
18324
18367
9374
10975
13443
12488
11084
13330
18447
11895
19209
11349
18391
14431
18280
9115
9251
14137
18380
18356
18378
18456
18535
14510
13189
12402
12687
10091
5241
9197
18359
18353
14296
18366
14023
6624
18378
14201
18558
13979
14356
6793
18351
18308
9472
5595
18335
18385
18333
10635
6719
11562
14455
12814
12069
9721
11387
14489
18343
11915
18416
18341
9731
11266
14357
6990
12013
12652
18756
13678
18400
12483
13183
7047
14433
11166
14311
13279
10996
11989
12262
14424
18411
19501
12248
18597
18434
18384
18328
12332
18329
13199
11567
5122
18347
9280
13846
arbol 2^25 puntos
37092
28960
23096
26655
18413
21594
36848
19210
36849
25443
28757
36836
36832
23334
20393
36796
27023
37133
18993
28405
12569
18760
28995
21240
37032
36754
26340
28741
36803
21871
36856
37036
36833
19581
26735
36813
36799
25050
36788
18804
36815
22301
23291
29164
23363
25984
36765
36838
20784
36762
37097
21218
36839
24382
18723
25920
25795
21484
20807
28745
36714
36814
36851
18549
36872
19162
37060
36827
22318
19656
36855
22723
37160
37123
23009
25551
36789
19161
22387
28973
26609
21902
24762
36846
19690
27021
28573
39041
36877
36733
24709
36704
36811
23404
28816
23292
28823
36706
36733
26398
