arbol 2^10 puntos.
5
7
4
4
7
5
5
4
6
7
4
5
3
4
3
7
4
8
6
4
7
6
7
7
6
6
5
6
7
9
6
7
7
6
2
5
7
4
3
6
6
7
4
5
5
3
7
8
8
7
5
8
4
3
4
4
8
7
6
4
2
4
6
5
6
7
4
5
5
5
5
8
3
4
7
5
7
7
7
4
9
7
7
4
5
7
8
4
8
4
4
5
5
5
4
5
7
5
6
6
arbol 2^11 puntos.
4
8
5
6
7
12
8
10
6
5
10
6
5
8
7
7
7
7
5
7
6
7
7
9
9
8
10
7
9
5
10
10
7
6
6
7
5
5
7
5
7
7
10
7
7
6
9
5
10
7
6
9
8
6
9
9
4
7
5
5
9
8
7
7
8
9
7
5
6
9
7
3
10
7
3
9
7
9
7
9
6
6
9
10
9
5
9
7
7
10
10
6
11
7
7
4
8
9
7
7
arbol 2^12 puntos.
12
11
12
7
13
8
13
16
12
13
11
9
16
11
13
15
16
11
6
15
11
8
17
11
8
15
5
11
12
5
16
15
7
15
13
15
8
18
13
7
13
14
17
18
11
12
17
16
15
9
7
17
13
14
10
13
8
12
13
7
16
10
14
12
16
16
7
16
15
12
11
14
9
14
7
9
14
5
17
9
17
13
12
8
7
11
14
9
16
7
13
13
11
15
16
6
17
7
7
9
arbol 2^13 puntos.
17
18
19
10
16
16
15
23
16
13
17
25
21
22
16
15
18
12
18
12
21
23
23
18
11
23
14
23
14
18
21
17
22
16
19
15
16
12
16
19
23
10
14
21
17
14
12
15
21
12
22
23
22
14
12
12
23
23
22
13
24
25
19
13
14
21
17
11
22
21
20
22
16
12
23
8
14
17
21
19
21
22
23
25
18
13
16
9
22
17
25
16
16
23
15
18
14
20
17
19
arbol 2^14 puntos.
31
22
26
18
42
40
29
27
35
35
25
20
40
41
24
42
44
21
38
15
25
42
25
42
40
43
18
43
45
37
24
32
26
44
34
44
25
29
29
18
29
31
23
33
36
26
38
43
33
37
30
24
28
39
44
27
29
33
34
32
41
26
27
41
42
36
32
40
25
43
28
41
40
42
36
36
32
37
26
24
44
38
25
40
27
36
41
39
22
27
42
38
35
22
42
28
20
25
38
24
arbol 2^15 puntos.
50
68
59
64
46
48
68
66
41
56
55
63
37
69
40
38
44
64
51
45
46
42
69
70
66
61
46
47
27
58
71
68
37
55
59
69
39
50
60
69
57
37
73
54
54
53
64
59
66
69
71
66
34
40
55
36
64
64
56
65
61
53
63
43
51
44
65
32
44
52
72
56
47
65
57
61
54
59
34
57
64
29
71
48
50
46
46
41
40
34
44
66
61
70
68
21
59
68
40
69
