arbol 2 a la 10
4
7
7
4
10
10
3
5
7
7
7
6
6
9
5
4
5
8
6
4
9
6
8
9
8
7
10
4
4
5
7
11
5
10
6
8
5
8
7
5
4
6
7
3
6
9
7
3
8
5
7
9
9
7
7
7
9
7
7
9
7
7
8
8
8
4
5
9
10
6
7
6
5
7
9
7
5
7
7
9
4
5
8
5
7
9
10
8
8
5
9
5
8
7
8
9
8
5
7
9
arbol 2 a la 11
9
9
8
9
9
10
6
7
14
7
12
8
10
12
11
12
7
15
8
11
8
9
15
12
11
7
7
7
6
9
16
13
6
9
12
13
9
10
9
10
11
17
7
9
8
7
13
5
5
11
10
8
10
6
16
10
9
9
15
12
6
9
6
13
10
8
12
12
10
9
7
15
7
12
6
7
10
13
13
5
9
9
17
13
14
9
10
11
12
14
11
7
11
9
9
6
9
13
9
9
arbol 2 a la 12
6
15
9
19
17
18
19
18
12
20
18
12
19
12
8
12
20
18
15
15
13
16
11
10
11
10
19
17
20
16
14
12
13
8
15
20
13
12
16
15
16
14
15
19
13
9
18
14
12
9
16
14
18
19
10
13
14
13
16
8
18
14
14
11
15
16
8
11
16
23
15
20
16
12
11
20
13
19
18
6
17
18
13
9
19
13
16
19
10
19
15
11
17
18
12
17
20
11
16
7
arbol 2 a la 13
25
19
26
21
21
15
27
19
31
14
27
22
32
16
13
15
21
31
28
23
31
26
28
19
30
31
17
16
26
18
30
31
31
18
14
18
17
16
32
16
30
13
27
17
30
25
27
25
19
17
13
15
29
15
27
30
23
31
14
33
12
11
24
25
27
18
12
27
16
18
18
25
26
19
18
31
15
13
32
17
24
32
17
24
17
27
32
29
19
21
19
22
26
16
28
15
17
18
21
21
arbol 2 a la 14
46
46
25
55
35
44
24
52
47
41
43
56
50
47
28
29
29
51
42
43
26
41
45
30
54
45
32
27
50
35
46
25
24
39
44
43
54
41
47
52
39
33
46
44
53
28
32
30
35
53
38
54
52
28
27
52
40
28
52
54
47
49
33
30
31
39
48
41
51
29
22
44
53
42
51
40
27
28
48
56
36
49
31
29
45
33
50
43
51
53
30
44
44
29
52
32
20
43
23
31
arbol 2 a la 15
64
81
77
61
49
29
90
75
73
58
81
75
65
67
43
83
81
61
68
67
66
73
93
77
64
74
48
85
31
75
92
90
82
88
77
61
92
58
51
52
87
64
89
81
86
78
85
78
41
83
66
68
55
43
71
67
34
49
83
67
93
39
65
86
84
70
63
75
69
79
81
82
89
89
70
85
88
56
57
90
64
70
90
66
82
50
48
69
86
36
56
63
60
82
49
53
87
66
56
80
arbol 2 a la 16
139
123
156
122
81
140
118
120
140
147
143
148
74
103
134
104
109
97
141
50
100
94
57
79
153
150
98
138
148
147
85
131
148
73
147
151
150
137
146
136
152
106
151
153
150
81
113
116
113
157
70
110
76
152
154
148
80
151
137
94
140
158
151
117
154
107
152
146
103
66
84
156
109
95
98
134
135
116
93
150
109
153
148
148
78
129
153
128
153
144
126
144
100
105
150
153
144
91
125
112
arbol 2 a la 17
241
168
222
183
197
234
215
259
151
221
185
137
223
265
252
266
258
177
263
257
131
267
195
247
151
266
149
154
208
268
258
263
200
241
150
218
105
126
145
266
245
261
235
260
133
261
141
262
253
264
266
260
227
261
249
159
267
167
268
199
104
232
145
146
194
173
258
265
166
212
241
168
266
133
145
185
152
101
266
258
259
136
142
157
261
258
221
262
261
231
237
138
264
227
268
230
177
167
266
268
arbol 2 a la 18
480
470
469
427
481
485
366
386
371
490
384
435
492
488
489
405
343
264
378
485
225
354
485
302
261
404
495
202
355
223
338
253
328
400
295
358
288
491
252
479
378
426
492
260
486
373
293
331
479
297
486
489
273
390
298
385
364
488
483
473
299
360
485
482
459
183
399
359
323
303
484
425
267
473
487
382
376
489
496
422
475
360
279
485
426
479
455
481
489
481
464
400
197
393
191
302
487
481
119
389
arbol 2 a la 19
909
911
919
929
763
904
557
923
911
928
526
905
681
895
894
876
897
913
918
745
585
625
904
909
858
589
656
924
827
687
776
660
568
907
459
911
587
910
509
488
894
465
911
631
659
885
911
835
791
466
913
916
477
680
539
735
901
792
594
465
794
901
916
872
573
753
761
913
618
914
708
910
632
918
916
715
776
902
899
912
906
921
863
543
576
631
915
910
824
798
921
481
905
913
911
598
887
783
697
912
arbol 2 a la 20
1448
1633
1729
1413
957
764
1721
1745
903
1723
1632
1169
1703
1433
1008
1749
1253
1750
1749
986
1389
1439
1371
1532
1614
1745
1080
1747
983
1000
1004
1097
1726
1745
1533
1752
1220
1176
1740
1751
1745
1583
1752
1462
1581
1238
1662
1696
1728
1201
1696
1152
1728
872
1388
851
1741
1763
1476
1414
1702
1547
1323
1258
1727
1740
799
1646
910
1741
1132
1764
1752
1186
1692
1450
1761
1087
1562
1759
1629
1052
921
1207
1611
881
1747
1083
1522
1205
1758
1738
896
1368
1756
1741
551
1589
1752
1499
arbol 2 a la 21
0
0
0
0
0
0
0
0
0
0
0
0
0
0
0
0
0
0
0
0
0
0
0
0
0
0
0
0
0
0
0
0
0
0
0
0
0
0
0
0
0
0
0
0
0
0
0
0
0
0
0
0
0
0
0
0
0
0
0
0
0
0
0
0
0
0
0
0
0
0
0
0
0
0
0
0
0
0
0
0
0
0
0
0
0
0
0
0
0
0
0
0
0
0
0
0
0
0
0
0
arbol 2 a la 22
0
0
0
0
0
0
0
0
0
0
0
0
0
0
0
0
0
0
0
0
0
0
0
0
0
0
0
0
0
0
0
0
0
0
0
0
0
0
0
0
0
0
0
0
0
0
0
0
0
0
0
0
0
0
0
0
0
0
0
0
0
0
0
0
0
0
0
0
0
0
0
0
0
0
0
0
0
0
0
0
0
0
0
0
0
0
0
0
0
0
0
0
0
0
0
0
0
0
0
0
arbol 2 a la 23
0
0
0
0
0
0
0
0
0
0
0
0
0
0
0
0
0
0
0
0
0
0
0
0
0
0
0
0
0
0
0
0
0
0
0
0
0
0
0
0
0
0
0
0
0
0
0
0
0
0
0
0
0
0
0
0
0
0
0
0
0
0
0
0
0
0
0
0
0
0
0
0
0
0
0
0
0
0
0
0
0
0
0
0
0
0
0
0
0
0
0
0
0
0
0
0
0
0
0
0
arbol 2 a la 24
0
0
0
0
0
0
0
0
0
0
0
0
0
0
0
0
0
0
0
0
0
0
0
0
0
0
0
0
0
0
0
0
0
0
0
0
0
0
0
0
0
0
0
0
0
0
0
0
0
0
0
0
0
0
0
0
0
0
0
0
0
0
0
0
0
0
0
0
0
0
0
0
0
0
0
0
0
0
0
0
0
0
0
0
0
0
0
0
0
0
0
0
0
0
0
0
0
0
0
0
arbol 2 a la 25
0
0
0
0
0
0
0
0
0
0
0
0
0
0
0
0
0
0
0
0
0
0
0
0
0
0
0
0
0
0
0
0
0
0
0
0
0
0
0
0
0
0
0
0
0
0
0
0
0
0
0
0
0
0
0
0
0
0
0
0
0
0
0
0
0
0
0
0
0
0
0
0
0
0
0
0
0
0
0
0
0
0
0
0
0
0
0
0
0
0
0
0
0
0
0
0
0
0
0
0
