arbol 2 a la 10
7
7
5
4
6
6
4
4
6
6
6
4
5
6
5
4
4
6
5
4
5
5
5
6
5
5
6
5
4
4
5
6
4
6
4
5
4
6
4
4
4
5
5
4
4
6
4
3
5
4
5
5
5
5
5
5
5
5
4
6
5
5
6
4
5
4
4
6
6
4
5
4
5
5
5
5
3
5
5
5
4
5
6
4
5
5
5
5
6
4
5
4
6
4
5
5
5
4
5
6
arbol 2 a la 11
7
6
5
5
7
7
4
5
7
5
8
5
6
7
7
8
4
7
5
7
4
6
7
8
6
6
5
6
5
6
8
7
5
7
6
7
7
7
6
7
7
8
5
7
5
5
7
5
4
6
6
6
6
4
8
5
7
6
7
7
5
5
4
8
7
5
8
7
7
6
5
8
6
7
5
5
6
7
8
5
6
5
7
8
7
6
7
7
7
8
7
5
7
6
6
4
7
7
6
6
arbol 2 a la 12
5
10
7
9
10
8
10
9
6
9
9
6
9
6
5
7
9
9
8
6
7
8
6
5
7
6
9
8
10
8
7
7
7
6
9
8
7
6
9
7
7
9
8
9
7
5
10
8
7
11
9
8
10
9
5
6
6
6
7
5
9
6
7
5
6
7
4
5
6
10
9
9
9
5
5
7
5
6
7
3
8
9
12
5
9
5
6
7
4
8
7
5
6
8
5
6
6
5
6
3
arbol 2 a la 13
12
7
9
9
7
6
11
7
11
7
11
9
12
6
5
6
8
12
10
8
11
10
13
9
10
11
6
6
11
6
10
11
11
6
6
8
7
7
11
6
11
6
9
7
10
10
9
11
9
6
5
5
10
5
11
10
10
13
5
10
6
6
8
11
9
6
4
10
6
7
7
9
10
7
6
12
6
4
11
6
8
14
14
15
13
20
20
20
14
16
14
12
19
11
19
12
12
15
13
17
arbol 2 a la 14
21
20
10
17
12
15
10
19
14
14
12
19
17
16
9
8
10
18
13
14
9
13
15
11
17
14
12
9
16
13
15
8
8
11
13
13
17
12
14
16
12
11
15
14
17
9
10
10
13
17
13
18
16
9
9
18
11
10
18
17
16
14
12
10
10
12
13
12
17
9
8
15
17
12
18
13
9
10
17
17
11
21
16
12
15
13
17
16
21
17
12
15
15
11
19
12
8
15
10
11
arbol 2 a la 15
34
30
28
29
18
13
36
28
27
24
56
55
36
37
17
32
39
24
25
27
26
27
39
28
25
29
17
28
13
25
35
32
32
31
36
21
33
22
16
15
28
23
26
25
26
23
25
23
12
39
18
18
14
15
18
21
10
15
25
19
24
12
19
27
25
20
19
20
19
22
26
26
24
25
21
24
24
17
16
25
18
20
31
19
25
14
14
19
25
9
15
17
16
26
14
15
26
20
17
23
arbol 2 a la 16
62
53
54
38
23
38
33
30
45
46
48
45
25
28
35
27
28
25
45
15
26
25
16
23
45
41
26
44
39
39
22
32
39
22
41
40
42
36
45
38
44
26
39
39
40
23
26
29
30
45
18
27
21
43
40
37
21
38
34
23
35
42
49
31
41
27
44
42
28
18
24
45
31
25
30
38
34
29
23
38
28
42
42
39
22
35
41
56
66
51
40
52
36
41
59
59
55
35
45
41
arbol 2 a la 17
157
75
78
68
57
87
59
77
47
55
71
56
84
88
87
106
85
63
100
116
43
96
82
66
53
83
52
61
55
87
79
91
65
65
42
55
31
38
45
70
83
97
153
117
66
141
72
121
128
109
92
76
71
86
79
57
86
54
96
57
40
68
40
40
48
47
68
74
59
60
64
40
105
60
52
60
42
45
105
95
123
49
57
51
132
143
78
97
87
69
73
45
69
63
78
65
50
52
71
91
arbol 2 a la 18
337
236
216
201
215
220
129
127
150
223
156
177
238
258
252
192
165
110
185
244
89
131
212
96
95
139
232
61
97
115
155
132
155
193
135
162
98
246
109
193
141
168
202
108
232
152
137
132
259
157
235
254
132
154
99
120
139
347
267
208
178
161
190
214
197
94
196
174
144
137
219
176
114
210
197
167
134
221
205
145
204
154
98
202
183
204
197
172
161
224
188
165
84
141
82
103
185
369
69
179
arbol 2 a la 19
679
496
477
500
389
492
284
564
503
459
254
463
458
523
481
397
467
471
444
406
379
568
732
754
589
312
670
918
730
427
442
539
619
473
260
517
293
461
254
238
498
252
544
525
364
490
577
388
342
264
539
471
248
337
245
632
1197
476
276
245
443
678
1016
814
375
562
863
414
286
452
353
724
376
501
446
339
346
445
443
515
563
1196
426
255
280
357
515
593
768
431
1104
605
729
768
918
308
387
328
310
447
arbol 2 a la 20
956
851
1032
796
628
477
2001
1222
769
2147
2727
1058
799
729
543
997
618
997
1024
499
683
806
1422
1100
771
1902
2470
1057
521
538
531
595
1026
993
767
1001
602
582
1938
1464
1190
3029
1574
811
765
620
787
880
994
594
805
618
965
1329
868
731
1239
3623
787
701
826
816
625
630
1005
1041
380
763
467
1379
1345
1433
1196
2480
1547
720
1013
551
737
1065
797
539
452
622
770
471
1933
961
803
717
3613
1053
500
696
992
1021
266
762
963
714
arbol 2 a la 21
0
0
0
0
0
0
0
0
0
0
0
0
0
0
0
0
0
0
0
0
0
0
0
0
0
0
0
0
0
0
0
0
0
0
0
0
0
0
0
0
0
0
0
0
0
0
0
0
0
0
0
0
0
0
0
0
0
0
0
0
0
0
0
0
0
0
0
0
0
0
0
0
0
0
0
0
0
0
0
0
0
0
0
0
0
0
0
0
0
0
0
0
0
0
0
0
0
0
0
0
arbol 2 a la 22
0
0
0
0
0
0
0
0
0
0
0
0
0
0
0
0
0
0
0
0
0
0
0
0
0
0
0
0
0
0
0
0
0
0
0
0
0
0
0
0
0
0
0
0
0
0
0
0
0
0
0
0
0
0
0
0
0
0
0
0
0
0
0
0
0
0
0
0
0
0
0
0
0
0
0
0
0
0
0
0
0
0
0
0
0
0
0
0
0
0
0
0
0
0
0
0
0
0
0
0
arbol 2 a la 23
0
0
0
0
0
0
0
0
0
0
0
0
0
0
0
0
0
0
0
0
0
0
0
0
0
0
0
0
0
0
0
0
0
0
0
0
0
0
0
0
0
0
0
0
0
0
0
0
0
0
0
0
0
0
0
0
0
0
0
0
0
0
0
0
0
0
0
0
0
0
0
0
0
0
0
0
0
0
0
0
0
0
0
0
0
0
0
0
0
0
0
0
0
0
0
0
0
0
0
0
arbol 2 a la 24
0
0
0
0
0
0
0
0
0
0
0
0
0
0
0
0
0
0
0
0
0
0
0
0
0
0
0
0
0
0
0
0
0
0
0
0
0
0
0
0
0
0
0
0
0
0
0
0
0
0
0
0
0
0
0
0
0
0
0
0
0
0
0
0
0
0
0
0
0
0
0
0
0
0
0
0
0
0
0
0
0
0
0
0
0
0
0
0
0
0
0
0
0
0
0
0
0
0
0
0
arbol 2 a la 25
0
0
0
0
0
0
0
0
0
0
0
0
0
0
0
0
0
0
0
0
0
0
0
0
0
0
0
0
0
0
0
0
0
0
0
0
0
0
0
0
0
0
0
0
0
0
0
0
0
0
0
0
0
0
0
0
0
0
0
0
0
0
0
0
0
0
0
0
0
0
0
0
0
0
0
0
0
0
0
0
0
0
0
0
0
0
0
0
0
0
0
0
0
0
0
0
0
0
0
0
