arbol 2^10 puntos
3
3
1
1
1
1
2
1
2
2
1
2
1
1
1
3
1
3
2
1
3
2
1
2
2
2
2
2
3
3
2
3
3
2
1
2
3
2
1
2
2
3
1
1
2
1
2
2
3
2
1
3
1
1
1
2
2
2
2
2
1
2
2
2
3
2
1
1
1
2
2
3
1
2
3
2
3
2
3
1
3
3
2
1
2
3
3
1
3
1
1
2
1
1
1
2
3
1
2
2
arbol 2^11 puntos
2
4
2
2
3
4
4
6
3
3
4
3
3
4
3
4
3
2
2
3
3
2
3
5
3
3
5
3
4
2
3
4
3
4
2
10
1
3
3
2
3
4
5
3
3
3
5
3
4
4
2
3
3
3
5
3
2
4
2
2
3
3
3
3
4
4
2
2
2
3
2
1
5
3
1
5
3
5
3
5
2
3
4
4
6
2
4
3
3
3
4
2
4
3
3
1
4
4
3
4
arbol 2^12 puntos
6
4
5
3
6
4
6
7
4
6
4
4
6
5
6
6
6
4
3
7
6
3
6
3
3
5
2
4
4
2
6
6
3
5
4
6
4
7
4
4
6
6
6
7
5
5
6
6
4
3
3
5
7
4
4
6
3
5
5
2
5
4
8
6
6
7
3
5
6
4
5
6
4
4
2
3
7
2
7
5
5
4
6
3
2
4
6
4
5
3
6
6
4
6
8
3
8
4
3
4
arbol 2^13 puntos
10
7
10
5
5
8
5
10
8
6
7
9
9
7
8
5
6
4
7
6
9
9
9
7
5
8
5
10
5
7
8
5
9
6
7
7
7
5
7
7
8
4
5
9
7
5
5
5
9
3
8
10
9
6
4
3
9
10
11
5
9
9
7
6
6
19
7
5
10
9
8
10
6
6
9
3
6
7
8
7
9
10
10
10
8
4
6
4
9
6
9
7
7
9
5
6
6
9
6
13
arbol 2^14 puntos
14
6
7
6
15
13
11
9
12
12
9
6
14
14
7
16
15
6
14
4
8
14
8
15
13
16
5
15
13
13
7
13
9
15
12
15
7
11
10
6
9
11
7
11
14
8
13
15
12
13
10
8
9
15
16
7
10
12
9
11
13
11
7
13
15
16
10
17
8
16
7
14
14
15
14
11
11
15
8
8
15
11
12
22
9
12
14
12
8
7
12
14
11
8
13
9
7
9
15
8
arbol 2^15 puntos
24
23
19
28
16
16
22
25
15
21
20
19
13
25
15
11
14
22
16
14
19
14
25
24
26
23
13
16
9
19
22
24
12
18
19
23
11
17
19
22
20
10
26
15
18
16
23
19
24
22
20
22
12
14
17
11
22
24
18
23
20
17
22
13
16
15
20
12
15
18
27
19
16
23
20
20
17
18
12
20
24
8
29
16
17
14
17
14
12
11
12
25
19
24
25
6
21
25
13
24
arbol 2^16 puntos
100
14
30
19
26
24
38
45
40
40
26
31
39
35
32
32
32
34
57
33
16
32
25
12
35
58
43
41
23
33
37
48
49
41
56
41
21
43
43
18
22
37
25
34
35
35
16
25
59
38
30
42
30
42
40
18
23
24
30
42
22
33
41
38
25
36
39
39
40
39
19
35
14
16
43
26
45
51
17
42
24
34
22
35
63
39
30
29
28
23
46
37
41
36
42
54
44
26
37
11
arbol 2^17 puntos
69
65
99
61
103
65
80
76
53
91
80
81
78
32
52
94
44
35
52
89
81
59
70
46
78
39
23
74
73
39
80
80
67
42
84
55
31
39
76
74
66
37
49
44
70
80
57
78
75
59
83
50
66
48
36
65
41
78
46
82
53
54
78
37
81
48
49
52
76
50
82
50
41
36
55
75
38
53
59
37
62
78
46
53
53
59
91
75
76
34
79
39
81
61
63
80
48
58
60
71
arbol 2^18 puntos
211
224
90
141
144
142
136
148
215
174
150
167
142
214
150
157
151
97
215
97
201
243
144
162
198
218
123
212
129
224
217
75
217
134
214
218
112
205
219
169
200
170
108
157
204
206
124
130
116
207
184
157
176
126
174
107
214
189
126
193
204
141
160
192
203
198
96
155
156
210
196
143
115
100
150
198
93
194
186
136
208
186
180
138
140
195
103
111
76
104
123
127
83
150
209
227
145
148
86
211
arbol 2^19 puntos
725
356
474
366
254
256
393
329
261
224
229
414
383
239
320
198
148
317
421
367
405
465
443
368
405
347
348
328
427
296
262
461
454
454
296
357
363
397
196
190
260
335
414
449
380
431
441
361
173
387
318
311
437
456
351
279
424
438
280
390
224
452
444
409
414
222
458
297
430
385
223
439
178
224
333
418
431
363
348
397
275
131
321
437
176
457
353
335
435
365
188
447
504
310
378
290
316
441
311
444
arbol 2^20 puntos
878
1110
533
1053
528
1057
806
996
975
986
524
1005
633
718
486
838
707
539
492
996
981
949
655
348
511
979
459
1033
947
996
969
943
962
578
721
670
756
482
997
958
451
711
976
1022
301
972
563
637
778
752
659
453
352
1010
369
968
724
670
631
1001
756
940
619
968
612
464
1083
579
674
697
683
973
706
883
2291
2065
1003
967
520
995
650
582
650
566
547
1139
1059
763
967
549
987
987
966
957
999
757
436
436
796
1084
arbol 2^21 puntos
2432
3039
1499
1595
1444
1640
1202
1372
1792
594
1178
1006
1395
1695
2276
1549
1327
2257
2360
1701
1565
2235
1150
1585
1634
1139
1348
1343
2223
1640
1306
1030
1120
2276
2242
1453
1247
1123
981
2284
1554
1237
2258
656
992
2276
2277
1530
2213
1614
1471
1439
2255
1387
1116
1663
1363
2501
1163
1269
2563
2049
1694
2566
1525
1859
1514
2275
2203
1089
2306
2251
1181
1501
1384
2239
1378
2277
1448
2439
1483
1595
2276
2234
802
2301
707
1563
1686
1053
2219
2241
2232
1072
2272
1354
1457
801
1597
1127
