arbol 2^10 puntos.
2
2
1
1
1
1
1
1
1
2
1
1
0
1
1
1
1
1
1
0
1
1
1
2
1
1
1
2
1
2
2
1
1
2
0
1
1
1
0
1
1
1
1
1
1
0
1
1
1
1
2
2
0
0
0
1
1
2
1
1
0
1
1
1
1
1
1
1
1
1
1
2
0
1
1
1
1
2
1
0
2
1
2
1
1
1
1
1
2
1
0
1
1
1
1
1
1
1
1
1
arbol 2^11 puntos.
3
3
2
1
1
3
2
2
1
1
2
2
1
2
1
2
2
1
1
2
1
1
1
2
2
2
2
2
2
1
2
2
1
1
1
2
1
1
1
1
2
1
2
1
1
1
2
1
2
2
1
2
2
1
3
2
1
2
1
1
2
2
2
1
2
2
1
1
2
2
1
0
2
1
0
2
1
2
1
3
2
2
2
2
2
1
2
2
2
2
2
1
2
2
2
1
2
2
1
2
arbol 2^12 puntos.
6
3
3
2
4
2
4
4
3
3
2
2
3
3
3
4
4
2
1
4
3
2
3
2
2
3
1
2
2
1
4
3
2
3
3
3
2
4
3
2
3
3
4
4
3
3
4
4
4
2
1
4
3
3
2
3
2
3
3
1
3
2
3
3
3
4
2
3
3
3
3
3
2
3
1
2
4
1
4
2
4
3
3
2
2
2
3
2
3
2
3
3
2
3
4
1
4
2
2
2
arbol 2^13 puntos.
15
4
9
2
4
4
3
6
4
3
4
6
5
5
4
4
4
4
4
3
5
6
6
4
3
5
3
6
3
4
5
4
5
4
4
4
4
3
4
4
5
3
3
5
4
3
3
4
5
3
5
5
6
4
3
3
5
6
6
3
6
6
5
3
3
5
4
3
5
6
5
6
4
3
6
2
4
4
5
4
5
6
6
6
4
3
3
2
5
4
6
4
4
5
3
5
4
5
4
5
arbol 2^14 puntos.
29
7
9
4
28
12
9
6
8
9
7
4
11
10
5
10
9
4
9
3
5
10
5
10
9
10
4
10
10
9
5
8
6
10
8
10
6
7
7
5
6
6
5
7
9
5
9
9
7
9
6
5
6
9
10
6
6
7
7
7
9
6
5
9
10
9
7
10
6
10
6
9
10
10
9
7
7
9
6
5
10
8
5
10
6
9
9
9
5
6
9
9
7
5
9
7
4
5
8
5
arbol 2^15 puntos.
63
27
20
39
15
18
15
19
10
13
23
17
9
20
14
9
10
15
12
10
11
10
17
17
17
14
11
12
6
14
17
18
10
13
13
16
9
12
14
16
13
8
18
12
13
12
15
14
16
17
16
16
8
9
12
8
16
17
13
15
14
13
16
10
12
11
16
8
10
12
17
16
15
15
13
14
12
13
8
15
15
6
17
11
12
10
10
9
8
8
10
17
13
17
16
4
13
17
9
15
